age = 13.81642088657604
chistar = 13972.533098692938
dastar = 13.973044234661446
kd = 0.13315535767789557
keq = 0.01017799418970121
nz = 100
rdrag = 151.24968988256677
rs_zdrag = 151.24968988256677
rstar = 147.08090450099684
thetad = 0.16884966108613797
thetaeq = 0.8237891651953198
thetarseq = 0.45806711824977303
thetastar = 1.0526045865950162
zdrag = 1050.6919205440588
zeq = 3335.1517991763462
zstar = 1095.658411467271
